851449 45 12 99 77 00
856830 45 12 99 77 00
858202 45 12 99 77 00
859608 45 12 99 77 00
869365 45 12 99 77 00
874328 45 12 99 77 00
883127 45 12 99 77 00
885060 45 12 99 77 00
886415 45 12 99 77 00
887876 45 12 99 77 00
889425 45 12 99 77 00
890722 45 12 99 77 00
901694 45 12 99 77 00
902933 45 12 99 77 00
906807 45 12 99 77 00
916404 45 12 99 77 00
917796 45 12 99 77 00
919493 45 12 99 77 00
921400 45 12 99 77 00
922978 45 12 99 77 00
340698 45 12 99 77 10
341440 45 12 99 77 10
341781 45 12 99 77 10
343950 45 12 99 77 10
344705 45 12 99 77 10
346030 45 12 99 77 10
348461 45 12 99 77 10
349126 45 12 99 77 10
350263 45 12 99 77 10
351406 45 12 99 77 10
